 0.00000000e+00  9.00001240e-01 
 1.00000000e-07  9.00001382e-01 
 2.00000000e-07  9.00001564e-01 
 4.00000000e-07  9.00001963e-01 
 8.00000000e-07  9.00002793e-01 
 1.60000000e-06  9.00004473e-01 
 3.20000000e-06  9.00007914e-01 
 6.40000000e-06  9.00015149e-01 
 1.28000000e-05  9.00031008e-01 
 2.56000000e-05  9.00068211e-01 
 5.12000000e-05  9.00163976e-01 
 1.02400000e-04  9.00436488e-01 
 2.04800000e-04  9.01272857e-01 
 3.70771291e-04  9.03318230e-01 
 5.92171626e-04  9.07066135e-01 
 8.70501179e-04  9.12911683e-01 
 1.25403832e-03  9.22109814e-01 
 1.73885425e-03  9.34360112e-01 
 2.37729211e-03  9.49818542e-01 
 3.17019004e-03  9.66044485e-01 
 4.17019004e-03  9.79914364e-01 
 5.17019004e-03  9.85604376e-01 
 6.17019004e-03  9.83034807e-01 
 7.17019004e-03  9.72581592e-01 
 8.17019004e-03  9.54997554e-01 
 9.08855872e-03  9.33661077e-01 
 1.00885587e-02  9.06682402e-01 
 1.10885587e-02  8.78371664e-01 
 1.20885587e-02  8.51672467e-01 
 1.30885587e-02  8.29438946e-01 
 1.40885587e-02  8.14055547e-01 
 1.50885587e-02  8.07165052e-01 
 1.60885587e-02  8.09504150e-01 
 1.70885587e-02  8.20843587e-01 
 1.80885587e-02  8.40015440e-01 
 1.90885587e-02  8.65006979e-01 
 2.00885587e-02  8.93142509e-01 
 2.10885587e-02  9.21357993e-01 
 2.20885587e-02  9.46600517e-01 
 2.30885587e-02  9.66320771e-01 
 2.40885587e-02  9.78868622e-01 
 2.50687580e-02  9.83533360e-01 
 2.60687580e-02  9.80485205e-01 
 2.70687580e-02  9.69923380e-01 
 2.80687580e-02  9.52550737e-01 
 2.89801471e-02  9.31791283e-01 
 2.99801471e-02  9.05409034e-01 
 3.09801471e-02  8.77717265e-01 
 3.19801471e-02  8.51578410e-01 
 3.29801471e-02  8.29784588e-01 
 3.39801471e-02  8.14681299e-01 
 3.49801471e-02  8.07896769e-01 
 3.59801471e-02  8.10177039e-01 
 3.69801471e-02  8.21323171e-01 
 3.79801471e-02  8.40213848e-01 
 3.89801471e-02  8.64897619e-01 
 3.99801471e-02  8.92758291e-01 
 4.09801471e-02  9.20790487e-01 
 4.19801471e-02  9.45972490e-01 
 4.29801471e-02  9.65754771e-01 
 4.39801471e-02  9.78467977e-01 
 4.49801471e-02  9.83396209e-01 
 4.59801471e-02  9.80514991e-01 
 4.69801471e-02  9.70187100e-01 
 4.78796257e-02  9.55074642e-01 
 4.88110771e-02  9.34537268e-01 
 4.98110771e-02  9.08605029e-01 
 5.00000000e-02  9.03361052e-01 
 5.01000000e-02  9.00557793e-01 
 5.03000000e-02  8.94953023e-01 
 5.07000000e-02  8.83807639e-01 
 5.15000000e-02  8.62314604e-01 
 5.25000000e-02  8.38577011e-01 
 5.35000000e-02  8.20477133e-01 
 5.45000000e-02  8.09937729e-01 
 5.55000000e-02  8.08165418e-01 
 5.65000000e-02  8.15422204e-01 
 5.75000000e-02  8.31010100e-01 
 5.85000000e-02  8.53344597e-01 
 5.95000000e-02  8.80092277e-01 
 6.05000000e-02  9.08394113e-01 
 6.15000000e-02  9.35188854e-01 
 6.25000000e-02  9.57659753e-01 
 6.35000000e-02  9.73708907e-01 
 6.45000000e-02  9.82205746e-01 
 6.55000000e-02  9.82857899e-01 
 6.65000000e-02  9.75881414e-01 
 6.75000000e-02  9.61799658e-01 
 6.84804404e-02  9.41965449e-01 
 6.94657875e-02  9.17471543e-01 
 7.04657875e-02  8.90129408e-01 
 7.14657875e-02  8.63010467e-01 
 7.24657875e-02  8.38973869e-01 
 7.34657875e-02  8.20600897e-01 
 7.44657875e-02  8.09854784e-01 
 7.54657875e-02  8.07910220e-01 
 7.64657875e-02  8.15014130e-01 
 7.74657875e-02  8.30475685e-01 
 7.84657875e-02  8.52726854e-01 
 7.94657875e-02  8.79449957e-01 
 8.00000000e-02  8.94711728e-01 
 8.01000000e-02  8.97619078e-01 
 8.03000000e-02  9.03402211e-01 
 8.07000000e-02  9.14765748e-01 
 8.11523911e-02  9.27146873e-01 
 8.15620751e-02  9.37762431e-01 
 8.20570616e-02  9.49570015e-01 
 8.27036739e-02  9.62857244e-01 
 8.33605248e-02  9.73423516e-01 
 8.40205848e-02  9.80749953e-01 
 8.47212090e-02  9.84767263e-01 
 8.54527517e-02  9.84869866e-01 
 8.64527517e-02  9.78636760e-01 
 8.74527517e-02  9.65730389e-01 
 8.84527517e-02  9.47243094e-01 
 8.94527517e-02  9.24832079e-01 
 9.04527517e-02  9.00706723e-01 
 9.14527517e-02  8.77384896e-01 
 9.24527517e-02  8.57367566e-01 
 9.34527517e-02  8.42881174e-01 
 9.44527517e-02  8.35675508e-01 
 9.54527517e-02  8.36850921e-01 
 9.64527517e-02  8.46692424e-01 
 9.74527517e-02  8.64536222e-01 
 9.84527517e-02  8.88658952e-01 
 9.94527517e-02  9.16412466e-01 
 1.00000000e-01  9.32122875e-01 
 1.00100000e-01  9.34996333e-01 
 1.00300000e-01  9.40670021e-01 
 1.00700000e-01  9.51593337e-01 
 1.01500000e-01  9.71114783e-01 
 1.02304488e-01  9.86837985e-01 
 1.03304488e-01  1.00016376e+00 
 1.04304488e-01  1.00650493e+00 
 1.05304488e-01  1.00621931e+00 
 1.06304488e-01  9.99851612e-01 
 1.07304488e-01  9.88089007e-01 
 1.08304488e-01  9.71907901e-01 
 1.09304488e-01  9.52677137e-01 
 1.10304488e-01  9.32060939e-01 
 1.11304488e-01  9.11833203e-01 
 1.12304488e-01  8.93781818e-01 
 1.13304488e-01  8.79689636e-01 
 1.14304488e-01  8.71255681e-01 
 1.15304488e-01  8.69881054e-01 
 1.16304488e-01  8.76347300e-01 
 1.17304488e-01  8.90483533e-01 
 1.18127165e-01  9.07001934e-01 
 1.19004026e-01  9.27868740e-01 
 1.19940995e-01  9.51495174e-01 
 1.20000000e-01  9.53010444e-01 
 1.20100000e-01  9.55555108e-01 
 1.20300000e-01  9.60568638e-01 
 1.20700000e-01  9.70173865e-01 
 1.21500000e-01  9.87147163e-01 
 1.22500000e-01  1.00326587e+00 
 1.23500000e-01  1.01323588e+00 
 1.24500000e-01  1.01710495e+00 
 1.25500000e-01  1.01520541e+00 
 1.26500000e-01  1.00798582e+00 
 1.27500000e-01  9.96082490e-01 
 1.28500000e-01  9.80481911e-01 
 1.29500000e-01  9.62521075e-01 
 1.30500000e-01  9.43687649e-01 
 1.31500000e-01  9.25425887e-01 
 1.32500000e-01  9.09196237e-01 
 1.33500000e-01  8.96556825e-01 
 1.34500000e-01  8.89132997e-01 
 1.35500000e-01  8.88359525e-01 
 1.36500000e-01  8.95064591e-01 
 1.37500000e-01  9.09049462e-01 
 1.38309756e-01  9.24795923e-01 
 1.39108213e-01  9.42810705e-01 
 1.40066590e-01  9.65268949e-01 
 1.41066590e-01  9.86815067e-01 
 1.42066590e-01  1.00410274e+00 
 1.43066590e-01  1.01589967e+00 
 1.44066590e-01  1.02192950e+00 
 1.45066590e-01  1.02239374e+00 
 1.46066590e-01  1.01765095e+00 
 1.47066590e-01  1.00822522e+00 
 1.48066590e-01  9.94898126e-01 
 1.49066590e-01  9.78909621e-01 
 1.50000000e-01  9.62804142e-01 
 1.50100000e-01  9.61039338e-01 
 1.50300000e-01  9.57539137e-01 
 1.50700000e-01  9.50667683e-01 
 1.51500000e-01  9.37390445e-01 
 1.52500000e-01  9.22027029e-01 
 1.53500000e-01  9.09230386e-01 
 1.54500000e-01  9.00750562e-01 
 1.55500000e-01  8.98330336e-01 
 1.56500000e-01  9.03109306e-01 
 1.57340317e-01  9.12763868e-01 
 1.58207204e-01  9.27384877e-01 
 1.59067727e-01  9.45121678e-01 
 1.60067727e-01  9.67102735e-01 
 1.61067727e-01  9.87613194e-01 
 1.62067727e-01  1.00425765e+00 
 1.63067727e-01  1.01570901e+00 
 1.64067727e-01  1.02155538e+00 
 1.65067727e-01  1.02185777e+00 
 1.66067727e-01  1.01684877e+00 
 1.67067727e-01  1.00693391e+00 
 1.68067727e-01  9.92757539e-01 
 1.69067727e-01  9.75423217e-01 
 1.70067727e-01  9.56219544e-01 
 1.71067727e-01  9.36496235e-01 
 1.72067727e-01  9.17624990e-01 
 1.73067727e-01  9.01161641e-01 
 1.74067727e-01  8.88858400e-01 
 1.75067727e-01  8.82468151e-01 
 1.76067727e-01  8.83340615e-01 
 1.77067727e-01  8.91964814e-01 
 1.77927017e-01  9.05089375e-01 
 1.78821172e-01  9.23036494e-01 
 1.79821172e-01  9.45797583e-01 
 1.80000000e-01  9.50043150e-01 
 1.80100000e-01  9.52414025e-01 
 1.80300000e-01  9.57103010e-01 
 1.80700000e-01  9.66165160e-01 
 1.81500000e-01  9.82459422e-01 
 1.82500000e-01  9.98367670e-01 
 1.83500000e-01  1.00859283e+00 
 1.84500000e-01  1.01288565e+00 
 1.85500000e-01  1.01130169e+00 
 1.86500000e-01  1.00404902e+00 
 1.87500000e-01  9.91531034e-01 
 1.88500000e-01  9.74487579e-01 
 1.89500000e-01  9.54044360e-01 
 1.90500000e-01  9.31631195e-01 
 1.91500000e-01  9.08879070e-01 
 1.92500000e-01  8.87643284e-01 
 1.93346967e-01  8.72302447e-01 
 1.94040842e-01  8.62452159e-01 
 1.94764579e-01  8.55551596e-01 
 1.95422028e-01  8.52727030e-01 
 1.96120702e-01  8.53630666e-01 
 1.96887177e-01  8.59317097e-01 
 1.97887177e-01  8.73539176e-01 
 1.98887177e-01  8.93851015e-01 
 1.99740939e-01  9.14164226e-01 
 2.00437012e-01  9.31386768e-01 
 2.00976433e-01  9.44403041e-01 
 2.01524815e-01  9.56758369e-01 
 2.02166941e-01  9.69516681e-01 
 2.03152812e-01  9.84494530e-01 
 2.04152812e-01  9.93274304e-01 
 2.05152812e-01  9.95268553e-01 
 2.06152812e-01  9.90471246e-01 
 2.07152812e-01  9.79117392e-01 
 2.08152812e-01  9.61756398e-01 
 2.09152812e-01  9.39423021e-01 
 2.10152812e-01  9.13729308e-01 
 2.11152812e-01  8.86813803e-01 
 2.12152812e-01  8.61151726e-01 
 2.13047508e-01  8.41299563e-01 
 2.13996106e-01  8.25444338e-01 
 2.14996106e-01  8.16197814e-01 
 2.15996106e-01  8.15625065e-01 
 2.16996106e-01  8.23836903e-01 
 2.17996106e-01  8.39964776e-01 
 2.18996106e-01  8.62231697e-01 
 2.19996106e-01  8.88140159e-01 
 2.20000000e-01  8.88245602e-01 
 2.20007788e-01  8.88461337e-01 
 2.20023363e-01  8.88892087e-01 
 2.20054515e-01  8.89753137e-01 
 2.20116817e-01  8.91473309e-01 
 2.20241422e-01  8.94904702e-01 
 2.20490632e-01  9.01720982e-01 
 2.20989051e-01  9.15061438e-01 
 2.21783122e-01  9.34898526e-01 
 2.22673333e-01  9.53809910e-01 
 2.23673333e-01  9.69194650e-01 
 2.24673333e-01  9.77202735e-01 
 2.25673333e-01  9.77349061e-01 
 2.26673333e-01  9.69702151e-01 
 2.27673333e-01  9.54753213e-01 
 2.28658579e-01  9.33857658e-01 
 2.29658579e-01  9.08053157e-01 
 2.30658579e-01  8.80022764e-01 
 2.31658579e-01  8.52615125e-01 
 2.32658579e-01  8.28725594e-01 
 2.33658579e-01  8.10904314e-01 
 2.34658579e-01  8.01055370e-01 
 2.35658579e-01  8.00235604e-01 
 2.36658579e-01  8.08559683e-01 
 2.37658579e-01  8.25200555e-01 
 2.38658579e-01  8.48462004e-01 
 2.39658579e-01  8.75917727e-01 
 2.40658579e-01  9.04645515e-01 
 2.41658579e-01  9.31554310e-01 
 2.42658579e-01  9.53839672e-01 
 2.43658579e-01  9.69441800e-01 
 2.44658579e-01  9.77264716e-01 
 2.45658579e-01  9.77032903e-01 
 2.46658579e-01  9.68982838e-01 
 2.47658579e-01  9.53704344e-01 
 2.48604385e-01  9.33537146e-01 
 2.49604385e-01  9.07796038e-01 
 2.50604385e-01  8.79859991e-01 
 2.51604385e-01  8.52543053e-01 
 2.52604385e-01  8.28720849e-01 
 2.53604385e-01  8.10933017e-01 
 2.54604385e-01  8.01080403e-01 
 2.55604385e-01  8.00223494e-01 
 2.56604385e-01  8.08486613e-01 
 2.57604385e-01  8.25057242e-01 
 2.58604385e-01  8.48257290e-01 
 2.59604385e-01  8.75679531e-01 
 2.60604385e-01  9.04417499e-01 
 2.61604385e-01  9.31387621e-01 
 2.62604385e-01  9.53781004e-01 
 2.63604385e-01  9.69523693e-01 
 2.64604385e-01  9.77505621e-01 
 2.65604385e-01  9.77444976e-01 
 2.66604385e-01  9.69576470e-01 
 2.67604385e-01  9.54481526e-01 
 2.68560820e-01  9.34219311e-01 
 2.69560820e-01  9.08549452e-01 
 2.70560820e-01  8.80625779e-01 
 2.71560820e-01  8.53250553e-01 
 2.72560820e-01  8.29299609e-01 
 2.73560820e-01  8.11323271e-01 
 2.74560820e-01  8.01241055e-01 
 2.75560820e-01  8.00137553e-01 
 2.76560820e-01  8.08163553e-01 
 2.77560820e-01  8.24532922e-01 
 2.78560820e-01  8.47591918e-01 
 2.79560820e-01  8.74953051e-01 
 2.80000000e-01  8.87731464e-01 
 2.80100000e-01  8.90680728e-01 
 2.80300000e-01  8.96545040e-01 
 2.80700000e-01  9.08040973e-01 
 2.81241219e-01  9.22834524e-01 
 2.81872155e-01  9.38487285e-01 
 2.82775000e-01  9.56847145e-01 
 2.83775000e-01  9.70494857e-01 
 2.84775000e-01  9.76401314e-01 
 2.85775000e-01  9.74349227e-01 
 2.86775000e-01  9.64454039e-01 
 2.87493297e-01  9.52700943e-01 
 2.88052947e-01  9.41020871e-01 
 2.88617253e-01  9.27256849e-01 
 2.89555152e-01  9.00868254e-01 
 2.90000000e-01  8.87197273e-01 
 2.90100000e-01  8.84032456e-01 
 2.90300000e-01  8.77682564e-01 
 2.90700000e-01  8.64959014e-01 
 2.91500000e-01  8.40107169e-01 
 2.92500000e-01  8.12145754e-01 
 2.93500000e-01  7.90118668e-01 
 2.94500000e-01  7.76144091e-01 
 2.95500000e-01  7.71412317e-01 
 2.96500000e-01  7.76055839e-01 
 2.97500000e-01  7.89276316e-01 
 2.98500000e-01  8.09553860e-01 
 2.99500000e-01  8.34840808e-01 
 3.00000000e-01  8.48716267e-01 
 3.00037863e-01  8.49798416e-01 
 3.00113588e-01  8.51966459e-01 
 3.00265039e-01  8.56323136e-01 
 3.00491712e-01  8.62926713e-01 
 3.00716789e-01  8.69628518e-01 
 3.01059500e-01  8.80209703e-01 
 3.01470419e-01  8.93513832e-01 
 3.02072710e-01  9.13688071e-01 
 3.02910526e-01  9.40500544e-01 
 3.03832946e-01  9.64469221e-01 
 3.04672297e-01  9.79105542e-01 
 3.05616592e-01  9.87109774e-01 
 3.06525014e-01  9.87886570e-01 
 3.07525014e-01  9.83926318e-01 
 3.08525014e-01  9.78395191e-01 
 3.09525014e-01  9.74255785e-01 
 3.10000000e-01  9.73287816e-01 
 3.10100000e-01  9.73202277e-01 
 3.10300000e-01  9.73142484e-01 
 3.10700000e-01  9.73507981e-01 
 3.11500000e-01  9.75816298e-01 
 3.12500000e-01  9.80907107e-01 
 3.13500000e-01  9.87947232e-01 
 3.14500000e-01  9.96675924e-01 
 3.15500000e-01  1.00687993e+00 
 3.16500000e-01  1.01826367e+00 
 3.17500000e-01  1.03043603e+00 
 3.18500000e-01  1.04292633e+00 
 3.19500000e-01  1.05521580e+00 
 3.20000000e-01  1.06113246e+00 
 3.20100000e-01  1.06228714e+00 
 3.20300000e-01  1.06456543e+00 
 3.20700000e-01  1.06896232e+00 
 3.21500000e-01  1.07696612e+00 
 3.22500000e-01  1.08511974e+00 
 3.23500000e-01  1.09076219e+00 
 3.24500000e-01  1.09348762e+00 
 3.25203682e-01  1.09349150e+00 
 3.25906622e-01  1.09184233e+00 
 3.26649869e-01  1.08833889e+00 
 3.27649869e-01  1.08113460e+00 
 3.28649869e-01  1.07182649e+00 
 3.29649869e-01  1.06144439e+00 
 3.30000000e-01  1.05773563e+00 
 3.30100000e-01  1.05668447e+00 
 3.30300000e-01  1.05460361e+00 
 3.30700000e-01  1.05053392e+00 
 3.31500000e-01  1.04258563e+00 
 3.32500000e-01  1.03243452e+00 
 3.33500000e-01  1.02126798e+00 
 3.34500000e-01  1.00838267e+00 
 3.35454943e-01  9.94314600e-01 
 3.36454943e-01  9.78542858e-01 
 3.37454943e-01  9.63388605e-01 
 3.38454943e-01  9.50580224e-01 
 3.39454943e-01  9.41073503e-01 
 3.40000000e-01  9.37278166e-01 
 3.40100000e-01  9.36707638e-01 
 3.40300000e-01  9.35669488e-01 
 3.40700000e-01  9.34300012e-01 
 3.41264778e-01  9.34643522e-01 
 3.41914829e-01  9.38659311e-01 
 3.42585532e-01  9.46001967e-01 
 3.43282366e-01  9.55016683e-01 
 3.44135062e-01  9.64185627e-01 
 3.44845122e-01  9.67903322e-01 
 3.45607390e-01  9.66174372e-01 
 3.46420847e-01  9.56973902e-01 
 3.47305052e-01  9.38476146e-01 
 3.48305052e-01  9.08139055e-01 
 3.49305052e-01  8.70618491e-01 
 3.50000000e-01  8.42268262e-01 
 3.50099121e-01  8.38113064e-01 
 3.50297363e-01  8.29854864e-01 
 3.50693848e-01  8.13707045e-01 
 3.51486817e-01  7.83945308e-01 
 3.52223714e-01  7.60647967e-01 
 3.53026914e-01  7.41574757e-01 
 3.53860847e-01  7.29925288e-01 
 3.54860847e-01  7.27604715e-01 
 3.55860847e-01  7.37670902e-01 
 3.56860847e-01  7.58896970e-01 
 3.57860847e-01  7.89243023e-01 
 3.58860847e-01  8.25938785e-01 
 3.59860847e-01  8.65602245e-01 
 3.60000000e-01  8.71260474e-01 
 3.60100000e-01  8.75309885e-01 
 3.60300000e-01  8.83329490e-01 
 3.60700000e-01  8.98893766e-01 
 3.61285914e-01  9.20101991e-01 
 3.61963264e-01  9.41520728e-01 
 3.62676474e-01  9.59719836e-01 
 3.63480132e-01  9.74249871e-01 
 3.64480132e-01  9.83316566e-01 
 3.65480132e-01  9.82830542e-01 
 3.66480132e-01  9.73555701e-01 
 3.67354241e-01  9.58956080e-01 
 3.68245919e-01  9.38746808e-01 
 3.69160046e-01  9.13762655e-01 
 3.70160046e-01  8.83665451e-01 
 3.71160046e-01  8.53459339e-01 
 3.72160046e-01  8.26182387e-01 
 3.73160046e-01  8.04648392e-01 
 3.74160046e-01  7.91079633e-01 
 3.75160046e-01  7.86859752e-01 
 3.76160046e-01  7.92405551e-01 
 3.77160046e-01  8.07149750e-01 
 3.78160046e-01  8.29602498e-01 
 3.79160046e-01  8.57474909e-01 
 3.80160046e-01  8.87874476e-01 
 3.81160046e-01  9.17591453e-01 
 3.82160046e-01  9.43510090e-01 
 3.83160046e-01  9.63103127e-01 
 3.84160046e-01  9.74808052e-01 
 3.85160046e-01  9.78046646e-01 
 3.86160046e-01  9.72930325e-01 
 3.87160046e-01  9.59979566e-01 
 3.88160046e-01  9.40102597e-01 
 3.89071408e-01  9.17180307e-01 
 3.90071408e-01  8.88815729e-01 
 3.91071408e-01  8.59747964e-01 
 3.92071408e-01  8.32936153e-01 
 3.93071408e-01  8.11184698e-01 
 3.94071408e-01  7.96779823e-01 
 3.95071408e-01  7.91230456e-01 
 3.96071408e-01  7.95120000e-01 
 3.97071408e-01  8.08068171e-01 
 3.98071408e-01  8.28775850e-01 
 3.99071408e-01  8.55134288e-01 
 4.00000000e-01  8.82310511e-01 
 4.00100000e-01  8.85357040e-01 
 4.00300000e-01  8.91414533e-01 
 4.00700000e-01  9.03293786e-01 
 4.01500000e-01  9.25528515e-01 
 4.02500000e-01  9.48900820e-01 
 4.03500000e-01  9.65616533e-01 
 4.04500000e-01  9.74501729e-01 
 4.05500000e-01  9.75164188e-01 
 4.06500000e-01  9.67781483e-01 
 4.07500000e-01  9.52922278e-01 
 4.08478793e-01  9.32122205e-01 
 4.09464212e-01  9.06514404e-01 
 4.10464212e-01  8.78083715e-01 
 4.11464212e-01  8.50008722e-01 
 4.12464212e-01  8.25210212e-01 
 4.13464212e-01  8.06310183e-01 
 4.14464212e-01  7.95296621e-01 
 4.15464212e-01  7.93340386e-01 
 4.16464212e-01  8.00667569e-01 
 4.17464212e-01  8.16557506e-01 
 4.18464212e-01  8.39411616e-01 
 4.19464212e-01  8.66884242e-01 
 4.20464212e-01  8.96096000e-01 
 4.21464212e-01  9.23937635e-01 
 4.22464212e-01  9.47501757e-01 
 4.23464212e-01  9.64550359e-01 
 4.24464212e-01  9.73797893e-01 
 4.25464212e-01  9.74837464e-01 
 4.26464212e-01  9.67844048e-01 
 4.27464212e-01  9.53374331e-01 
 4.28451367e-01  9.32734733e-01 
 4.29427473e-01  9.07645347e-01 
 4.30427473e-01  8.79418704e-01 
 4.31427473e-01  8.51424445e-01 
 4.32427473e-01  8.26574798e-01 
 4.33427473e-01  8.07501312e-01 
 4.34427473e-01  7.96214650e-01 
 4.35427473e-01  7.93918805e-01 
 4.36427473e-01  8.00878151e-01 
 4.37427473e-01  8.16411858e-01 
 4.38427473e-01  8.38959683e-01 
 4.39427473e-01  8.66209551e-01 
 4.40427473e-01  8.95306856e-01 
 4.41427473e-01  9.23153933e-01 
 4.42427473e-01  9.46837015e-01 
 4.43427473e-01  9.64093896e-01 
 4.44427473e-01  9.73606735e-01 
 4.45427473e-01  9.74941059e-01 
 4.46427473e-01  9.68252606e-01 
 4.47427473e-01  9.54080154e-01 
 4.48424101e-01  9.33482355e-01 
 4.49391022e-01  9.08801268e-01 
 4.50391022e-01  8.80682096e-01 
 4.51391022e-01  8.52687221e-01 
 4.52391022e-01  8.27725984e-01 
 4.53391022e-01  8.08443049e-01 
 4.54391022e-01  7.96872783e-01 
 4.55391022e-01  7.94250923e-01 
 4.56391022e-01  8.00876719e-01 
 4.57391022e-01  8.16104177e-01 
 4.58391022e-01  8.38405348e-01 
 4.59391022e-01  8.65495222e-01 
 4.60391022e-01  8.94537482e-01 
 4.61391022e-01  9.22440266e-01 
 4.62391022e-01  9.46279043e-01 
 4.63391022e-01  9.63765300e-01 
 4.64391022e-01  9.73549264e-01 
 4.65391022e-01  9.75171022e-01 
 4.66391022e-01  9.68770005e-01 
 4.67391022e-01  9.54870176e-01 
 4.68391022e-01  9.34430291e-01 
 4.69351036e-01  9.10087074e-01 
 4.70351036e-01  8.82052424e-01 
 4.71351036e-01  8.54025227e-01 
 4.72351036e-01  8.28914641e-01 
 4.73351036e-01  8.09381704e-01 
 4.74351036e-01  7.97487887e-01 
 4.75351036e-01  7.94504062e-01 
 4.76351036e-01  8.00767335e-01 
 4.77351036e-01  8.15668881e-01 
 4.78351036e-01  8.37714619e-01 
 4.79351036e-01  8.64647346e-01 
 4.80000000e-01  8.83534728e-01 
 4.80100000e-01  8.86515900e-01 
 4.80300000e-01  8.92447073e-01 
 4.80700000e-01  9.04103163e-01 
 4.81227443e-01  9.18836471e-01 
 4.81792559e-01  9.33449728e-01 
 4.82610754e-01  9.51553050e-01 
 4.83491854e-01  9.65958763e-01 
 4.84286502e-01  9.73799975e-01 
 4.85169819e-01  9.76489220e-01 
 4.86085621e-01  9.72692683e-01 
 4.87085621e-01  9.61389598e-01 
 4.88085621e-01  9.43504352e-01 
 4.89085621e-01  9.20490237e-01 
 4.90085621e-01  8.94453008e-01 
 4.91085621e-01  8.67996434e-01 
 4.92085621e-01  8.43876805e-01 
 4.93085621e-01  8.24667695e-01 
 4.94085621e-01  8.12478666e-01 
 4.95085621e-01  8.08742755e-01 
 4.96085621e-01  8.14060333e-01 
 4.97085621e-01  8.28102996e-01 
 4.98085621e-01  8.49587411e-01 
 4.99085621e-01  8.76320900e-01 
 5.00085621e-01  9.05400106e-01 
 5.01085621e-01  9.33565901e-01 
 5.02085621e-01  9.57748987e-01 
 5.03085621e-01  9.75663738e-01 
 5.04085621e-01  9.86119821e-01 
 5.05085621e-01  9.88876698e-01 
 5.05953393e-01  9.85250019e-01 
 5.06684077e-01  9.78147414e-01 
 5.07424917e-01  9.67560869e-01 
 5.08247620e-01  9.52443972e-01 
 5.09247620e-01  9.30584833e-01 
 5.10247620e-01  9.06702641e-01 
 5.11247620e-01  8.82988289e-01 
 5.12247620e-01  8.61738308e-01 
 5.13247620e-01  8.45147402e-01 
 5.14247620e-01  8.35124031e-01 
 5.15247620e-01  8.33046540e-01 
 5.16247620e-01  8.39569552e-01 
 5.17247620e-01  8.54410198e-01 
 5.18145587e-01  8.73749482e-01 
 5.19107993e-01  8.98773741e-01 
 5.20000000e-01  9.23636253e-01 
 5.20100000e-01  9.26482699e-01 
 5.20300000e-01  9.32111149e-01 
 5.20700000e-01  9.43000003e-01 
 5.21500000e-01  9.62707264e-01 
 5.22500000e-01  9.82183166e-01 
 5.23500000e-01  9.94917245e-01 
 5.24500000e-01  1.00057815e+00 
 5.25500000e-01  9.99390580e-01 
 5.26500000e-01  9.91885937e-01 
 5.27500000e-01  9.78867952e-01 
 5.28500000e-01  9.61531007e-01 
 5.29500000e-01  9.41475235e-01 
 5.30500000e-01  9.20519635e-01 
 5.31500000e-01  9.00496766e-01 
 5.32500000e-01  8.83192622e-01 
 5.33500000e-01  8.70359388e-01 
 5.34500000e-01  8.63640871e-01 
 5.35500000e-01  8.64343531e-01 
 5.36500000e-01  8.73093535e-01 
 5.37500000e-01  8.89490505e-01 
 5.38369740e-01  9.08777225e-01 
 5.39308080e-01  9.32651879e-01 
 5.40308080e-01  9.58476816e-01 
 5.41308080e-01  9.81491800e-01 
 5.42308080e-01  9.99315937e-01 
 5.43308080e-01  1.01084193e+00 
 5.44308080e-01  1.01596616e+00 
 5.45308080e-01  1.01506126e+00 
 5.46308080e-01  1.00867234e+00 
 5.47308080e-01  9.97559213e-01 
 5.48308080e-01  9.82806735e-01 
 5.49308080e-01  9.65902674e-01 
 5.50308080e-01  9.48374389e-01 
 5.51308080e-01  9.31588186e-01 
 5.52308080e-01  9.16751544e-01 
 5.53308080e-01  9.05154623e-01 
 5.54308080e-01  8.98243716e-01 
 5.55308080e-01  8.97454512e-01 
 5.56308080e-01  9.03781837e-01 
 5.57308080e-01  9.17255286e-01 
 5.58127989e-01  9.32810689e-01 
 5.59044909e-01  9.53178965e-01 
 5.59963436e-01  9.74280827e-01 
 5.60000000e-01  9.75126625e-01 
 5.60073128e-01  9.76802101e-01 
 5.60219383e-01  9.80106560e-01 
 5.60511893e-01  9.86474407e-01 
 5.61096914e-01  9.98045918e-01 
 5.62096914e-01  1.01365509e+00 
 5.63096914e-01  1.02377668e+00 
 5.64096914e-01  1.02852734e+00 
 5.65096914e-01  1.02816522e+00 
 5.66096914e-01  1.02300434e+00 
 5.67096914e-01  1.01355414e+00 
 5.68096914e-01  1.00072285e+00 
 5.69096914e-01  9.85799006e-01 
 5.70096914e-01  9.70125780e-01 
 5.70955049e-01  9.56938578e-01 
 5.71838151e-01  9.44233435e-01 
 5.72838151e-01  9.31628742e-01 
 5.73838151e-01  9.22043887e-01 
 5.74838151e-01  9.16989467e-01 
 5.75838151e-01  9.17938300e-01 
 5.76838151e-01  9.25703788e-01 
 5.77591790e-01  9.35887556e-01 
 5.78345436e-01  9.49080208e-01 
 5.79086442e-01  9.63889203e-01 
 5.80086442e-01  9.84326466e-01 
 5.81086442e-01  1.00274043e+00 
 5.82086442e-01  1.01726782e+00 
 5.83086442e-01  1.02703974e+00 
 5.84086442e-01  1.03185426e+00 
 5.85086442e-01  1.03178135e+00 
 5.86086442e-01  1.02702597e+00 
 5.87086442e-01  1.01805397e+00 
 5.88086442e-01  1.00577721e+00 
 5.89086442e-01  9.91500131e-01 
 5.90086442e-01  9.76553270e-01 
 5.90954159e-01  9.63871091e-01 
 5.91819245e-01  9.52019078e-01 
 5.92819245e-01  9.39913507e-01 
 5.93819245e-01  9.30546435e-01 
 5.94819245e-01  9.25388407e-01 
 5.95819245e-01  9.25939044e-01 
 5.96819245e-01  9.33079384e-01 
 5.97609170e-01  9.43222406e-01 
 5.98372685e-01  9.56059724e-01 
 5.99122864e-01  9.70439596e-01 
 6.00000000e-01  9.87647421e-01 
 6.00100000e-01  9.89601416e-01 
 6.00300000e-01  9.93437686e-01 
 6.00700000e-01  1.00072559e+00 
 6.01500000e-01  1.01340309e+00 
 6.02500000e-01  1.02525618e+00 
 6.03500000e-01  1.03247567e+00 
 6.04500000e-01  1.03501420e+00 
 6.05500000e-01  1.03289735e+00 
 6.06500000e-01  1.02631472e+00 
 6.07500000e-01  1.01583796e+00 
 6.08500000e-01  1.00249850e+00 
 6.09500000e-01  9.87606726e-01 
 6.10500000e-01  9.72304608e-01 
 6.11500000e-01  9.57413475e-01 
 6.12500000e-01  9.43645649e-01 
 6.13500000e-01  9.32006156e-01 
 6.14500000e-01  9.23932041e-01 
 6.15500000e-01  9.21065088e-01 
 6.16500000e-01  9.24679185e-01 
 6.17393913e-01  9.33628719e-01 
 6.18129149e-01  9.44567179e-01 
 6.18860230e-01  9.57744853e-01 
 6.19860230e-01  9.77225240e-01 
 6.20860230e-01  9.95752004e-01 
 6.21860230e-01  1.01113770e+00 
 6.22860230e-01  1.02213705e+00 
 6.23860230e-01  1.02826202e+00 
 6.24860230e-01  1.02940460e+00 
 6.25860230e-01  1.02564108e+00 
 6.26860230e-01  1.01729447e+00 
 6.27860230e-01  1.00510866e+00 
 6.28860230e-01  9.90258676e-01 
 6.29860230e-01  9.74052893e-01 
 6.30860230e-01  9.57594224e-01 
 6.31860230e-01  9.41736691e-01 
 6.32860230e-01  9.27427761e-01 
 6.33860230e-01  9.15972962e-01 
 6.34860230e-01  9.09029649e-01 
 6.35860230e-01  9.08218998e-01 
 6.36860230e-01  9.14508661e-01 
 6.37600429e-01  9.23659489e-01 
 6.38371212e-01  9.36596140e-01 
 6.39186709e-01  9.52775662e-01 
 6.40000000e-01  9.69795472e-01 
 6.40100000e-01  9.71915237e-01 
 6.40300000e-01  9.76094040e-01 
 6.40700000e-01  9.84104718e-01 
 6.41500000e-01  9.98260736e-01 
 6.42500000e-01  1.01173379e+00 
 6.43500000e-01  1.02008150e+00 
 6.44500000e-01  1.02316109e+00 
 6.45500000e-01  1.02099628e+00 
 6.46500000e-01  1.01377706e+00 
 6.47500000e-01  1.00200890e+00 
 6.48500000e-01  9.86621981e-01 
 6.49500000e-01  9.68831430e-01 
 6.50500000e-01  9.49847840e-01 
 6.51500000e-01  9.30744852e-01 
 6.52500000e-01  9.12678448e-01 
 6.53500000e-01  8.97136214e-01 
 6.54500000e-01  8.85937476e-01 
 6.55500000e-01  8.80915529e-01 
 6.56500000e-01  8.83381788e-01 
 6.57500000e-01  8.93599861e-01 
 6.58497856e-01  9.10453208e-01 
 6.59497856e-01  9.31686601e-01 
 6.60497856e-01  9.54164464e-01 
 6.61497856e-01  9.74777110e-01 
 6.62497856e-01  9.91147740e-01 
 6.63497856e-01  1.00193068e+00 
 6.64497856e-01  1.00660877e+00 
 6.65497856e-01  1.00512636e+00 
 6.66497856e-01  9.97684384e-01 
 6.67497856e-01  9.84769856e-01 
 6.68497856e-01  9.67264002e-01 
 6.69497856e-01  9.46417658e-01 
 6.70497856e-01  9.23698419e-01 
 6.71497856e-01  9.00681225e-01 
 6.72497856e-01  8.79134589e-01 
 6.73497856e-01  8.61035910e-01 
 6.74497856e-01  8.48427844e-01 
 6.75497856e-01  8.43074673e-01 
 6.76497856e-01  8.46054753e-01 
 6.77497856e-01  8.57369078e-01 
 6.78497856e-01  8.75839275e-01 
 6.79497856e-01  8.99178887e-01 
 6.80000000e-01  9.11947623e-01 
 6.80100000e-01  9.14548772e-01 
 6.80300000e-01  9.19724106e-01 
 6.80700000e-01  9.29879418e-01 
 6.81500000e-01  9.48807443e-01 
 6.82500000e-01  9.68422335e-01 
 6.83500000e-01  9.82105049e-01 
 6.84500000e-01  9.88973575e-01 
 6.85500000e-01  9.88748398e-01 
 6.86500000e-01  9.81578616e-01 
 6.87500000e-01  9.67985269e-01 
 6.88500000e-01  9.48940588e-01 
 6.89500000e-01  9.25909808e-01 
 6.90500000e-01  9.00758354e-01 
 6.91500000e-01  8.75606213e-01 
 6.92500000e-01  8.52710294e-01 
 6.93500000e-01  8.34331753e-01 
 6.94500000e-01  8.22525224e-01 
 6.95500000e-01  8.18820580e-01 
 6.96500000e-01  8.23951489e-01 
 6.97500000e-01  8.37637516e-01 
 6.98500000e-01  8.58488329e-01 
 6.99500000e-01  8.84134671e-01 
 7.00500000e-01  9.11513687e-01 
 7.01500000e-01  9.37362128e-01 
 7.02500000e-01  9.58810809e-01 
 7.03500000e-01  9.73864678e-01 
 7.04500000e-01  9.81520669e-01 
 7.05500000e-01  9.81536119e-01 
 7.06500000e-01  9.74132752e-01 
 7.07500000e-01  9.59887139e-01 
 7.08475910e-01  9.40352337e-01 
 7.09475910e-01  9.16082601e-01 
 7.10475910e-01  8.89517302e-01 
 7.11475910e-01  8.63007697e-01 
 7.12475910e-01  8.39040752e-01 
 7.13475910e-01  8.20019748e-01 
 7.14475910e-01  8.08008428e-01 
 7.15475910e-01  8.04454094e-01 
 7.16475910e-01  8.09949263e-01 
 7.17475910e-01  8.24087153e-01 
 7.18475910e-01  8.45442142e-01 
 7.19475910e-01  8.71676666e-01 
 7.20475910e-01  8.99813778e-01 
 7.21475910e-01  9.26639381e-01 
 7.22475910e-01  9.49225474e-01 
 7.23475910e-01  9.65408131e-01 
 7.24475910e-01  9.73986794e-01 
 7.25475910e-01  9.74578429e-01 
 7.26475910e-01  9.67335146e-01 
 7.27475910e-01  9.52801189e-01 
 7.28475910e-01  9.31990288e-01 
 7.29475910e-01  9.06496842e-01 
 7.30475910e-01  8.78524248e-01 
 7.31425976e-01  8.52000065e-01 
 7.32425976e-01  8.26785661e-01 
 7.33425976e-01  8.06854866e-01 
 7.34425976e-01  7.94294055e-01 
 7.35425976e-01  7.90496701e-01 
 7.36425976e-01  7.95951755e-01 
 7.37425976e-01  8.10166753e-01 
 7.38425976e-01  8.31697124e-01 
 7.39425976e-01  8.58270314e-01 
 7.40425976e-01  8.87015097e-01 
 7.41425976e-01  9.14791004e-01 
 7.42425976e-01  9.38628075e-01 
 7.43425976e-01  9.56182107e-01 
 7.44425976e-01  9.66014335e-01 
 7.45425976e-01  9.67550953e-01 
 7.46425976e-01  9.60834740e-01 
 7.47425976e-01  9.46350468e-01 
 7.48301122e-01  9.28040417e-01 
 7.49195334e-01  9.05056822e-01 
 7.50000000e-01  8.81977966e-01 
 7.50100000e-01  8.78972268e-01 
 7.50300000e-01  8.72963150e-01 
 7.50700000e-01  8.61012005e-01 
 7.51500000e-01  8.37970491e-01 
 7.52500000e-01  8.12519103e-01 
 7.53500000e-01  7.93045922e-01 
 7.54500000e-01  7.81535948e-01 
 7.55500000e-01  7.79204471e-01 
 7.56500000e-01  7.86300732e-01 
 7.57500000e-01  8.02110368e-01 
 7.58500000e-01  8.25038403e-01 
 7.59500000e-01  8.52748240e-01 
 7.60500000e-01  8.82365210e-01 
 7.61500000e-01  9.10769258e-01 
 7.62500000e-01  9.35005242e-01 
 7.63500000e-01  9.52732567e-01 
 7.64500000e-01  9.62523104e-01 
 7.65500000e-01  9.63837556e-01 
 7.66500000e-01  9.56780859e-01 
 7.67500000e-01  9.41928284e-01 
 7.68476522e-01  9.20948449e-01 
 7.69449266e-01  8.95327789e-01 
 7.70449266e-01  8.66476151e-01 
 7.71449266e-01  8.37929006e-01 
 7.72449266e-01  8.12637503e-01 
 7.73449266e-01  7.93256847e-01 
 7.74449266e-01  7.81813677e-01 
 7.75449266e-01  7.79504950e-01 
 7.76449266e-01  7.86578798e-01 
 7.77449266e-01  8.02337563e-01 
 7.78449266e-01  8.25209279e-01 
 7.79449266e-01  8.52879628e-01 
 7.80449266e-01  8.82491621e-01 
 7.81449266e-01  9.10935259e-01 
 7.82449266e-01  9.35255126e-01 
 7.83449266e-01  9.53101370e-01 
 7.84449266e-01  9.63034764e-01 
 7.85449266e-01  9.64509874e-01 
 7.86449266e-01  9.57628563e-01 
 7.87449266e-01  9.42956721e-01 
 7.88438541e-01  9.21831652e-01 
 7.89398180e-01  8.96637075e-01 
 7.90398180e-01  8.67822197e-01 
 7.91398180e-01  8.39218993e-01 
 7.92398180e-01  8.13775309e-01 
 7.93398180e-01  7.94159437e-01 
 7.94398180e-01  7.82421409e-01 
 7.95398180e-01  7.79789826e-01 
 7.96398180e-01  7.86546724e-01 
 7.97398180e-01  8.02027642e-01 
 7.98398180e-01  8.24691072e-01 
 7.99398180e-01  8.52248003e-01 
 8.00398180e-01  8.81857888e-01 
 8.01398180e-01  9.10414280e-01 
 8.02398180e-01  9.34948116e-01 
 8.03398180e-01  9.53080323e-01 
 8.04398180e-01  9.63337907e-01 
 8.05398180e-01  9.65149700e-01 
 8.06398180e-01  9.58601062e-01 
 8.07398180e-01  9.44240222e-01 
 8.08398180e-01  9.23119112e-01 
 8.09346292e-01  8.98370309e-01 
 8.10346292e-01  8.69615655e-01 
 8.11346292e-01  8.40938514e-01 
 8.12346292e-01  8.15287907e-01 
 8.13346292e-01  7.95352634e-01 
 8.14346292e-01  7.83215790e-01 
 8.15346292e-01  7.80148454e-01 
 8.16346292e-01  7.86477400e-01 
 8.17346292e-01  8.01581148e-01 
 8.18346292e-01  8.23956681e-01 
 8.19346292e-01  8.51346213e-01 
 8.20346292e-01  8.80928982e-01 
 8.21346292e-01  9.09602714e-01 
 8.22346292e-01  9.34382046e-01 
 8.23346292e-01  9.52852484e-01 
 8.24346292e-01  9.63498626e-01 
 8.25346292e-01  9.65715103e-01 
 8.26346292e-01  9.59564586e-01 
 8.27346292e-01  9.45573898e-01 
 8.28346292e-01  9.24764554e-01 
 8.29286444e-01  9.00437703e-01 
 8.30286444e-01  8.71780782e-01 
 8.31286444e-01  8.43028562e-01 
 8.32286444e-01  8.17132563e-01 
 8.33286444e-01  7.96807099e-01 
 8.34286444e-01  7.84176322e-01 
 8.35286444e-01  7.80564104e-01 
 8.36286444e-01  7.86353131e-01 
 8.37286444e-01  8.00975833e-01 
 8.38286444e-01  8.22977619e-01 
 8.39286444e-01  8.50140262e-01 
 8.40286444e-01  8.79668617e-01 
 8.41286444e-01  9.08467110e-01 
 8.42286444e-01  9.33532143e-01 
 8.43286444e-01  9.52406831e-01 
 8.44286444e-01  9.63523098e-01 
 8.45286444e-01  9.66231587e-01 
 8.46286444e-01  9.60565495e-01 
 8.47286444e-01  9.47025619e-01 
 8.48286444e-01  9.26598349e-01 
 8.49218036e-01  9.02757363e-01 
 8.50218036e-01  8.74232630e-01 
 8.51218036e-01  8.45410201e-01 
 8.52218036e-01  8.19243007e-01 
 8.53218036e-01  7.98473750e-01 
 8.54218036e-01  7.85273494e-01 
 8.55218036e-01  7.81027105e-01 
 8.56218036e-01  7.86182549e-01 
 8.57218036e-01  8.00235629e-01 
 8.58218036e-01  8.21788960e-01 
 8.59218036e-01  8.48671497e-01 
 8.60218036e-01  8.78119373e-01 
 8.61218036e-01  9.07046758e-01 
 8.62218036e-01  9.32431001e-01 
 8.63218036e-01  9.51767256e-01 
 8.64218036e-01  9.63425747e-01 
 8.65218036e-01  9.66704217e-01 
 8.66218036e-01  9.61600264e-01 
 8.67218036e-01  9.48584806e-01 
 8.68218036e-01  9.28605166e-01 
 8.69140418e-01  9.05311645e-01 
 8.70140418e-01  8.76954852e-01 
 8.71140418e-01  8.48070280e-01 
 8.72140418e-01  8.21610307e-01 
 8.73140418e-01  8.00343414e-01 
 8.74140418e-01  7.86503998e-01 
 8.75140418e-01  7.81539434e-01 
 8.76140418e-01  7.85970623e-01 
 8.77140418e-01  7.99366420e-01 
 8.78140418e-01  8.20395844e-01 
 8.79140418e-01  8.46943100e-01 
 8.80140418e-01  8.76281767e-01 
 8.81140418e-01  9.05339329e-01 
 8.82140418e-01  9.31073849e-01 
 8.83140418e-01  9.50927582e-01 
 8.84140418e-01  9.63200165e-01 
 8.85140418e-01  9.67127162e-01 
 8.86140418e-01  9.62664134e-01 
 8.87140418e-01  9.50248344e-01 
 8.88140418e-01  9.30784496e-01 
 8.89053174e-01  9.08095322e-01 
 8.90053174e-01  8.79948024e-01 
 8.91053174e-01  8.51014017e-01 
 8.92053174e-01  8.24244036e-01 
 8.93053174e-01  8.02437922e-01 
 8.94053174e-01  7.87887959e-01 
 8.95053174e-01  7.82117252e-01 
 8.96053174e-01  7.85730104e-01 
 8.97053174e-01  7.98377475e-01 
 8.98053174e-01  8.18803471e-01 
 8.99053174e-01  8.44955525e-01 
 9.00053174e-01  8.74148855e-01 
 9.01053174e-01  9.03334771e-01 
 9.02053174e-01  9.29449194e-01 
 9.03053174e-01  9.49875035e-01 
 9.04053174e-01  9.62833235e-01 
 9.05053174e-01  9.67488018e-01 
 9.06053174e-01  9.63746197e-01 
 9.07053174e-01  9.52007618e-01 
 9.08053174e-01  9.33131175e-01 
 9.08955774e-01  9.11108624e-01 
 9.09955774e-01  8.83216090e-01 
 9.10955774e-01  8.54252735e-01 
 9.11955774e-01  8.27161585e-01 
 9.12955774e-01  8.04774367e-01 
 9.13955774e-01  7.89445511e-01 
 9.14955774e-01  7.82781236e-01 
 9.15955774e-01  7.85478583e-01 
 9.16955774e-01  7.97280640e-01 
 9.17955774e-01  8.17017454e-01 
 9.18955774e-01  8.42705492e-01 
 9.19955774e-01  8.71713835e-01 
 9.20955774e-01  9.01015922e-01 
 9.21955774e-01  9.27530878e-01 
 9.22955774e-01  9.48580852e-01 
 9.23955774e-01  9.62298475e-01 
 9.24955774e-01  9.67765140e-01 
 9.25955774e-01  9.64830482e-01 
 9.26955774e-01  9.53852592e-01 
 9.27955774e-01  9.35641664e-01 
 9.28867695e-01  9.13835396e-01 
 9.29867695e-01  8.86197390e-01 
 9.30867695e-01  8.57231080e-01 
 9.31867695e-01  8.29873206e-01 
 9.32867695e-01  8.06981400e-01 
 9.33867695e-01  7.90963221e-01 
 9.34867695e-01  7.83498104e-01 
 9.35867695e-01  7.85366383e-01 
 9.36867695e-01  7.96394818e-01 
 9.37867695e-01  8.15491082e-01 
 9.38867695e-01  8.40738123e-01 
 9.39867695e-01  8.69553867e-01 
 9.40867695e-01  8.98934665e-01 
 9.41867695e-01  9.25788131e-01 
 9.42867695e-01  9.47385061e-01 
 9.43867695e-01  9.61779604e-01 
 9.44867695e-01  9.67976993e-01 
 9.45867695e-01  9.65773391e-01 
 9.46867695e-01  9.55489010e-01 
 9.47867695e-01  9.37891676e-01 
 9.48792993e-01  9.16177923e-01 
 9.49792993e-01  8.88775337e-01 
 9.50792993e-01  8.59827191e-01 
 9.51792993e-01  8.32263080e-01 
 9.52792993e-01  8.08960345e-01 
 9.53792993e-01  7.92369663e-01 
 9.54792993e-01  7.84231282e-01 
 9.55792993e-01  7.85395776e-01 
 9.56792993e-01  7.95761128e-01 
 9.57792993e-01  8.14301530e-01 
 9.58792993e-01  8.39157313e-01 
 9.59792993e-01  8.67789301e-01 
 9.60792993e-01  8.97215384e-01 
 9.61792993e-01  9.24336190e-01 
 9.62792993e-01  9.46381782e-01 
 9.63792993e-01  9.61341169e-01 
 9.64792993e-01  9.68154447e-01 
 9.65792993e-01  9.66571288e-01 
 9.66792993e-01  9.56879614e-01 
 9.67792993e-01  9.39812345e-01 
 9.68731017e-01  9.18163842e-01 
 9.69730570e-01  8.90984131e-01 
 9.70730570e-01  8.62067356e-01 
 9.71730570e-01  8.34346536e-01 
 9.72730570e-01  8.10713674e-01 
 9.73730570e-01  7.93654102e-01 
 9.74730570e-01  7.84957980e-01 
 9.75730570e-01  7.85534283e-01 
 9.76730570e-01  7.95340707e-01 
 9.77730570e-01  8.13407502e-01 
 9.78730570e-01  8.37923660e-01 
 9.79730570e-01  8.66386913e-01 
 9.80730570e-01  8.95834573e-01 
 9.81730570e-01  9.23163392e-01 
 9.82730570e-01  9.45571508e-01 
 9.83730570e-01  9.60994789e-01 
 9.84730570e-01  9.68318854e-01 
 9.85730570e-01  9.67253883e-01 
 9.86730570e-01  9.58060718e-01 
 9.87730570e-01  9.41443765e-01 
 9.88680359e-01  9.19838713e-01 
 9.89660217e-01  8.93396802e-01 
 9.90660217e-01  8.64528686e-01 
 9.91660217e-01  8.36647484e-01 
 9.92660217e-01  8.12655234e-01 
 9.93660217e-01  7.95075480e-01 
 9.94660217e-01  7.85754843e-01 
 9.95660217e-01  7.85668350e-01 
 9.96660217e-01  7.94841196e-01 
 9.97660217e-01  8.12367095e-01 
 9.98660217e-01  8.36490520e-01 
 9.99660217e-01  8.64751833e-01 
 1.00000000e+00  8.74916990e-01 
 1.00010000e+00  8.77939317e-01 
 1.00030000e+00  8.83953527e-01 
 1.00070000e+00  8.95776881e-01 
 1.00150000e+00  9.18001714e-01 
 1.00250000e+00  9.41512518e-01 
 1.00350000e+00  9.58467512e-01 
 1.00450000e+00  9.67600235e-01 
 1.00550000e+00  9.68429342e-01 
 1.00650000e+00  9.61078823e-01 
 1.00750000e+00  9.46113550e-01 
 1.00847706e+00  9.25154391e-01 
 1.00945195e+00  8.99607484e-01 
 1.01045195e+00  8.70966049e-01 
 1.01145195e+00  8.42689941e-01 
 1.01245195e+00  8.17709891e-01 
 1.01345195e+00  7.98655070e-01 
 1.01445195e+00  7.87521177e-01 
 1.01545195e+00  7.85479687e-01 
 1.01645195e+00  7.92757356e-01 
 1.01745195e+00  8.08638778e-01 
 1.01845195e+00  8.31537707e-01 
 1.01945195e+00  8.59128807e-01 
 1.02045195e+00  8.88552339e-01 
 1.02145195e+00  9.16707565e-01 
 1.02245195e+00  9.40668043e-01 
 1.02345195e+00  9.58136712e-01 
 1.02445195e+00  9.67741355e-01 
 1.02545195e+00  9.68995350e-01 
 1.02645195e+00  9.62030944e-01 
 1.02745195e+00  9.47409050e-01 
 1.02844066e+00  9.26446272e-01 
 1.02940315e+00  9.01373177e-01 
 1.03040315e+00  8.72785430e-01 
 1.03140315e+00  8.44420544e-01 
 1.03240315e+00  8.19213170e-01 
 1.03340315e+00  7.99816187e-01 
 1.03440315e+00  7.88261306e-01 
 1.03540315e+00  7.85764660e-01 
 1.03640315e+00  7.92599299e-01 
 1.03740315e+00  8.08093831e-01 
 1.03840315e+00  8.30700931e-01 
 1.03940315e+00  8.58126131e-01 
 1.04040315e+00  8.87528317e-01 
 1.04140315e+00  9.15808976e-01 
 1.04240315e+00  9.40022857e-01 
 1.04340315e+00  9.57835168e-01 
 1.04440315e+00  9.67830115e-01 
 1.04540315e+00  9.69486961e-01 
 1.04640315e+00  9.62915901e-01 
 1.04740315e+00  9.48657280e-01 
 1.04840315e+00  9.27729287e-01 
 1.04935383e+00  9.03135361e-01 
 1.05035383e+00  8.74625979e-01 
 1.05135383e+00  8.46193026e-01 
 1.05235383e+00  8.20773241e-01 
 1.05335383e+00  8.01042027e-01 
 1.05435383e+00  7.89066691e-01 
 1.05535383e+00  7.86108414e-01 
 1.05635383e+00  7.92487662e-01 
 1.05735383e+00  8.07578633e-01 
 1.05835383e+00  8.29874723e-01 
 1.05935383e+00  8.57114303e-01 
 1.06035383e+00  8.86476916e-01 
 1.06135383e+00  9.14868283e-01 
 1.06235383e+00  9.39325987e-01 
 1.06335383e+00  9.57478169e-01 
 1.06435383e+00  9.67864772e-01 
 1.06535383e+00  9.69929482e-01 
 1.06635383e+00  9.63759332e-01 
 1.06735383e+00  9.49873725e-01 
 1.06835383e+00  9.29261515e-01 
 1.06929717e+00  9.05076507e-01 
 1.07029717e+00  8.76671129e-01 
 1.07129717e+00  8.48172687e-01 
 1.07229717e+00  8.22520222e-01 
 1.07329717e+00  8.02414097e-01 
 1.07429717e+00  7.89961581e-01 
 1.07529717e+00  7.86475034e-01 
 1.07629717e+00  7.92329360e-01 
 1.07729717e+00  8.06951442e-01 
 1.07829717e+00  8.28882088e-01 
 1.07929717e+00  8.55898359e-01 
 1.08029717e+00  8.85204826e-01 
 1.08129717e+00  9.13713580e-01 
 1.08229717e+00  9.38443989e-01 
 1.08329717e+00  9.56982364e-01 
 1.08429717e+00  9.67817232e-01 
 1.08529717e+00  9.70350091e-01 
 1.08629717e+00  9.64640542e-01 
 1.08729717e+00  9.51184324e-01 
 1.08829717e+00  9.30937762e-01 
 1.08923221e+00  9.07221686e-01 
 1.09023221e+00  8.78945917e-01 
 1.09123221e+00  8.50383775e-01 
 1.09223221e+00  8.24475350e-01 
 1.09323221e+00  8.03948297e-01 
 1.09423221e+00  7.90954750e-01 
 1.09523221e+00  7.86865110e-01 
 1.09623221e+00  7.92116500e-01 
 1.09723221e+00  8.06196456e-01 
 1.09823221e+00  8.27700684e-01 
 1.09923221e+00  8.54451446e-01 
 1.10000000e+00  8.76915156e-01 
